      1                            Number of airfoils in this database
---blank line 1
---blank line 2
---blank line 3
---blank line 4
-------------------------------------------------------------------
    1                               - Airfoil numerical identifier
 SD7032 airfoil                     - Airfoil text identifier
--- 
 --- 
 = lift tables at low angle = 
 --- 
 ---
     7    21 
         0.000    -5.000  -3.480000e-02
         0.000    -4.000  -2.003000e-01
         0.000    -3.000  -2.009000e-01
         0.000    -2.000  -1.534000e-01
         0.000    -1.000  -8.300000e-02
         0.000     0.000   0.000000e+00
         0.000     1.000   1.015000e-01
         0.000     2.000   2.106000e-01
         0.000     3.000   3.495000e-01
         0.000     4.000   4.847000e-01
         0.000     5.000   5.876000e-01
         0.000     6.000   6.996000e-01
         0.000     7.000   8.116000e-01
         0.000     8.000   8.796000e-01
         0.000     9.000   9.761000e-01
         0.000    10.000   1.069300e+00
         0.000    11.000   1.128800e+00
         0.000    12.000   1.197700e+00
         0.000    13.000   1.249100e+00
         0.000    14.000   1.287600e+00
         0.000    15.000   1.300000e+00
     50000.000    -5.000  -3.480000e-02
     50000.000    -4.000  -2.003000e-01
     50000.000    -3.000  -2.009000e-01
     50000.000    -2.000  -1.534000e-01
     50000.000    -1.000  -8.300000e-02
     50000.000     0.000   0.000000e+00
     50000.000     1.000   1.015000e-01
     50000.000     2.000   2.106000e-01
     50000.000     3.000   3.495000e-01
     50000.000     4.000   4.847000e-01
     50000.000     5.000   5.876000e-01
     50000.000     6.000   6.996000e-01
     50000.000     7.000   8.116000e-01
     50000.000     8.000   8.796000e-01
     50000.000     9.000   9.761000e-01
     50000.000    10.000   1.069300e+00
     50000.000    11.000   1.128800e+00
     50000.000    12.000   1.197700e+00
     50000.000    13.000   1.249100e+00
     50000.000    14.000   1.287600e+00
     50000.000    15.000   1.300000e+00
    100000.000    -5.000  -4.781000e-01
    100000.000    -4.000  -3.929000e-01
    100000.000    -3.000  -3.032000e-01
    100000.000    -2.000  -2.072000e-01
    100000.000    -1.000  -1.057000e-01
    100000.000     0.000   0.000000e+00
    100000.000     1.000   1.392000e-01
    100000.000     2.000   2.620000e-01
    100000.000     3.000   3.806000e-01
    100000.000     4.000   4.875000e-01
    100000.000     5.000   5.843000e-01
    100000.000     6.000   6.828000e-01
    100000.000     7.000   7.775000e-01
    100000.000     8.000   8.777000e-01
    100000.000     9.000   9.760000e-01
    100000.000    10.000   1.066400e+00
    100000.000    11.000   1.153000e+00
    100000.000    12.000   1.234600e+00
    100000.000    13.000   1.301000e+00
    100000.000    14.000   1.339600e+00
    100000.000    15.000   1.358000e+00
    150000.000    -5.000  -5.276000e-01
    150000.000    -4.000  -4.464000e-01
    150000.000    -3.000  -3.376000e-01
    150000.000    -2.000  -2.200000e-01
    150000.000    -1.000  -1.100000e-01
    150000.000     0.000   0.000000e+00
    150000.000     1.000   1.162000e-01
    150000.000     2.000   2.364000e-01
    150000.000     3.000   3.166000e-01
    150000.000     4.000   4.099000e-01
    150000.000     5.000   5.203000e-01
    150000.000     6.000   6.180000e-01
    150000.000     7.000   7.268000e-01
    150000.000     8.000   8.347000e-01
    150000.000     9.000   9.258000e-01
    150000.000    10.000   1.022800e+00
    150000.000    11.000   1.115300e+00
    150000.000    12.000   1.195500e+00
    150000.000    13.000   1.272000e+00
    150000.000    14.000   1.329000e+00
    150000.000    15.000   1.348700e+00
    200000.000    -5.000  -5.500000e-01
    200000.000    -4.000  -4.400000e-01
    200000.000    -3.000  -3.300000e-01
    200000.000    -2.000  -2.200000e-01
    200000.000    -1.000  -1.100000e-01
    200000.000     0.000   0.000000e+00
    200000.000     1.000   1.040000e-01
    200000.000     2.000   2.064000e-01
    200000.000     3.000   2.993000e-01
    200000.000     4.000   3.907000e-01
    200000.000     5.000   4.938000e-01
    200000.000     6.000   5.971000e-01
    200000.000     7.000   7.065000e-01
    200000.000     8.000   8.033000e-01
    200000.000     9.000   9.039000e-01
    200000.000    10.000   1.005500e+00
    200000.000    11.000   1.090500e+00
    200000.000    12.000   1.181100e+00
    200000.000    13.000   1.259600e+00
    200000.000    14.000   1.314200e+00
    200000.000    15.000   1.350400e+00
    250000.000    -5.000  -5.500000e-01
    250000.000    -4.000  -4.400000e-01
    250000.000    -3.000  -3.300000e-01
    250000.000    -2.000  -2.200000e-01
    250000.000    -1.000  -1.100000e-01
    250000.000     0.000   0.000000e+00
    250000.000     1.000   1.000500e-01
    250000.000     2.000   1.960000e-01
    250000.000     3.000   2.935000e-01
    250000.000     4.000   3.903500e-01
    250000.000     5.000   4.921500e-01
    250000.000     6.000   5.946000e-01
    250000.000     7.000   7.041500e-01
    250000.000     8.000   8.047500e-01
    250000.000     9.000   9.030500e-01
    250000.000    10.000   1.003350e+00
    250000.000    11.000   1.089900e+00
    250000.000    12.000   1.178350e+00
    250000.000    13.000   1.256600e+00
    250000.000    14.000   1.311900e+00
    250000.000    15.000   1.353300e+00
    300000.000    -5.000  -5.500000e-01
    300000.000    -4.000  -4.400000e-01
    300000.000    -3.000  -3.300000e-01
    300000.000    -2.000  -2.200000e-01
    300000.000    -1.000  -1.100000e-01
    300000.000     0.000   0.000000e+00
    300000.000     1.000   9.610000e-02
    300000.000     2.000   1.856000e-01
    300000.000     3.000   2.877000e-01
    300000.000     4.000   3.900000e-01
    300000.000     5.000   4.905000e-01
    300000.000     6.000   5.921000e-01
    300000.000     7.000   7.018000e-01
    300000.000     8.000   8.062000e-01
    300000.000     9.000   9.022000e-01
    300000.000    10.000   1.001200e+00
    300000.000    11.000   1.089300e+00
    300000.000    12.000   1.175600e+00
    300000.000    13.000   1.253600e+00
    300000.000    14.000   1.309600e+00
    300000.000    15.000   1.356200e+00
--- 
 --- 
 = lift tables at high angle = 
 --- 
 ---
     1    91
         0.000   -90.000  -7.000000e-02
         0.000   -88.000  -1.300000e-01
         0.000   -86.000  -1.900000e-01
         0.000   -84.000  -2.500000e-01
         0.000   -82.000  -3.100000e-01
         0.000   -80.000  -3.700000e-01
         0.000   -78.000  -4.280000e-01
         0.000   -76.000  -4.860000e-01
         0.000   -74.000  -5.420000e-01
         0.000   -72.000  -5.960000e-01
         0.000   -70.000  -6.500000e-01
         0.000   -68.000  -6.960000e-01
         0.000   -66.000  -7.420000e-01
         0.000   -64.000  -7.870000e-01
         0.000   -62.000  -8.310000e-01
         0.000   -60.000  -8.750000e-01
         0.000   -58.000  -9.110000e-01
         0.000   -56.000  -9.470000e-01
         0.000   -54.000  -9.800000e-01
         0.000   -52.000  -1.010000e+00
         0.000   -50.000  -1.040000e+00
         0.000   -48.000  -1.058000e+00
         0.000   -46.000  -1.076000e+00
         0.000   -44.000  -1.083000e+00
         0.000   -42.000  -1.079000e+00
         0.000   -40.000  -1.075000e+00
         0.000   -38.000  -1.053000e+00
         0.000   -36.000  -1.031000e+00
         0.000   -34.000  -9.990000e-01
         0.000   -32.000  -9.570000e-01
         0.000   -30.000  -9.150000e-01
         0.000   -28.000  -9.280000e-01
         0.000   -26.000  -8.810000e-01
         0.000   -24.000  -7.744000e-01
         0.000   -22.000  -6.687000e-01
         0.000   -20.000  -5.838000e-01
         0.000   -18.000  -4.606000e-01
         0.000   -16.000  -3.548000e-01
         0.000   -14.000  -2.468000e-01
         0.000   -12.000  -1.387000e-01
         0.000   -10.000  -3.110000e-02
         0.000    -8.000   7.030000e-02
         0.000    -6.000   1.413000e-01
         0.000    -4.000  -2.003000e-01
         0.000    -2.000  -1.534000e-01
         0.000     0.000   0.000000e+00
         0.000     2.000   2.106000e-01
         0.000     4.000   4.847000e-01
         0.000     6.000   6.996000e-01
         0.000     8.000   8.796000e-01
         0.000    10.000   1.069300e+00
         0.000    12.000   1.197700e+00
         0.000    14.000   1.287600e+00
         0.000    16.000   1.310600e+00
         0.000    18.000   1.056400e+00
         0.000    20.000   1.115600e+00
         0.000    22.000   9.106500e-01
         0.000    24.000   7.744000e-01
         0.000    26.000   8.810000e-01
         0.000    28.000   9.280000e-01
         0.000    30.000   9.150000e-01
         0.000    32.000   9.570000e-01
         0.000    34.000   9.990000e-01
         0.000    36.000   1.031000e+00
         0.000    38.000   1.053000e+00
         0.000    40.000   1.075000e+00
         0.000    42.000   1.079000e+00
         0.000    44.000   1.083000e+00
         0.000    46.000   1.076000e+00
         0.000    48.000   1.058000e+00
         0.000    50.000   1.040000e+00
         0.000    52.000   1.010000e+00
         0.000    54.000   9.800000e-01
         0.000    56.000   9.470000e-01
         0.000    58.000   9.110000e-01
         0.000    60.000   8.750000e-01
         0.000    62.000   8.310000e-01
         0.000    64.000   7.870000e-01
         0.000    66.000   7.420000e-01
         0.000    68.000   6.960000e-01
         0.000    70.000   6.500000e-01
         0.000    72.000   5.960000e-01
         0.000    74.000   5.420000e-01
         0.000    76.000   4.860000e-01
         0.000    78.000   4.280000e-01
         0.000    80.000   3.700000e-01
         0.000    82.000   3.100000e-01
         0.000    84.000   2.500000e-01
         0.000    86.000   1.900000e-01
         0.000    88.000   1.300000e-01
         0.000    90.000   7.000000e-02
--- 
 --- 
 = drag tables at low angles = 
 --- 
 ---
     7    21
         0.000    -5.000   4.710000e-02
         0.000    -4.000   4.790000e-02
         0.000    -3.000   4.710000e-02
         0.000    -2.000   4.630000e-02
         0.000    -1.000   4.580000e-02
         0.000     0.000   3.420000e-02
         0.000     1.000   2.990000e-02
         0.000     2.000   2.980000e-02
         0.000     3.000   3.490000e-02
         0.000     4.000   3.900000e-02
         0.000     5.000   4.050000e-02
         0.000     6.000   4.140000e-02
         0.000     7.000   4.120000e-02
         0.000     8.000   4.150000e-02
         0.000     9.000   4.310000e-02
         0.000    10.000   4.530000e-02
         0.000    11.000   4.690000e-02
         0.000    12.000   4.930000e-02
         0.000    13.000   5.220000e-02
         0.000    14.000   5.530000e-02
         0.000    15.000   2.020000e-01
     50000.000    -5.000   4.710000e-02
     50000.000    -4.000   4.790000e-02
     50000.000    -3.000   4.710000e-02
     50000.000    -2.000   4.630000e-02
     50000.000    -1.000   4.580000e-02
     50000.000     0.000   3.420000e-02
     50000.000     1.000   2.990000e-02
     50000.000     2.000   2.980000e-02
     50000.000     3.000   3.490000e-02
     50000.000     4.000   3.900000e-02
     50000.000     5.000   4.050000e-02
     50000.000     6.000   4.140000e-02
     50000.000     7.000   4.120000e-02
     50000.000     8.000   4.150000e-02
     50000.000     9.000   4.310000e-02
     50000.000    10.000   4.530000e-02
     50000.000    11.000   4.690000e-02
     50000.000    12.000   4.930000e-02
     50000.000    13.000   5.220000e-02
     50000.000    14.000   5.530000e-02
     50000.000    15.000   2.020000e-01
    100000.000    -5.000   4.020000e-02
    100000.000    -4.000   3.900000e-02
    100000.000    -3.000   3.790000e-02
    100000.000    -2.000   3.710000e-02
    100000.000    -1.000   3.670000e-02
    100000.000     0.000   3.400000e-02
    100000.000     1.000   3.030000e-02
    100000.000     2.000   2.870000e-02
    100000.000     3.000   2.860000e-02
    100000.000     4.000   2.940000e-02
    100000.000     5.000   2.940000e-02
    100000.000     6.000   2.900000e-02
    100000.000     7.000   2.920000e-02
    100000.000     8.000   3.010000e-02
    100000.000     9.000   3.160000e-02
    100000.000    10.000   3.330000e-02
    100000.000    11.000   3.510000e-02
    100000.000    12.000   3.720000e-02
    100000.000    13.000   4.020000e-02
    100000.000    14.000   4.570000e-02
    100000.000    15.000   2.030000e-01
    150000.000    -5.000   3.380000e-02
    150000.000    -4.000   3.190000e-02
    150000.000    -3.000   3.090000e-02
    150000.000    -2.000   3.010000e-02
    150000.000    -1.000   2.970000e-02
    150000.000     0.000   3.020000e-02
    150000.000     1.000   2.780000e-02
    150000.000     2.000   2.500000e-02
    150000.000     3.000   2.420000e-02
    150000.000     4.000   2.400000e-02
    150000.000     5.000   2.480000e-02
    150000.000     6.000   2.510000e-02
    150000.000     7.000   2.550000e-02
    150000.000     8.000   2.580000e-02
    150000.000     9.000   2.700000e-02
    150000.000    10.000   2.860000e-02
    150000.000    11.000   3.050000e-02
    150000.000    12.000   3.310000e-02
    150000.000    13.000   3.630000e-02
    150000.000    14.000   4.000000e-02
    150000.000    15.000   2.020000e-01
    200000.000    -5.000   2.900000e-02
    200000.000    -4.000   2.750000e-02
    200000.000    -3.000   2.650000e-02
    200000.000    -2.000   2.580000e-02
    200000.000    -1.000   2.540000e-02
    200000.000     0.000   2.800000e-02
    200000.000     1.000   2.630000e-02
    200000.000     2.000   2.430000e-02
    200000.000     3.000   2.290000e-02
    200000.000     4.000   2.210000e-02
    200000.000     5.000   2.250000e-02
    200000.000     6.000   2.270000e-02
    200000.000     7.000   2.300000e-02
    200000.000     8.000   2.400000e-02
    200000.000     9.000   2.500000e-02
    200000.000    10.000   2.610000e-02
    200000.000    11.000   2.810000e-02
    200000.000    12.000   3.020000e-02
    200000.000    13.000   3.270000e-02
    200000.000    14.000   3.670000e-02
    200000.000    15.000   2.020000e-01
    250000.000    -5.000   2.750000e-02
    250000.000    -4.000   2.595000e-02
    250000.000    -3.000   2.495000e-02
    250000.000    -2.000   2.430000e-02
    250000.000    -1.000   2.390000e-02
    250000.000     0.000   2.680000e-02
    250000.000     1.000   2.540000e-02
    250000.000     2.000   2.350000e-02
    250000.000     3.000   2.215000e-02
    250000.000     4.000   2.135000e-02
    250000.000     5.000   2.125000e-02
    250000.000     6.000   2.160000e-02
    250000.000     7.000   2.210000e-02
    250000.000     8.000   2.300000e-02
    250000.000     9.000   2.405000e-02
    250000.000    10.000   2.515000e-02
    250000.000    11.000   2.695000e-02
    250000.000    12.000   2.900000e-02
    250000.000    13.000   3.150000e-02
    250000.000    14.000   3.535000e-02
    250000.000    15.000   2.020000e-01
    300000.000    -5.000   2.600000e-02
    300000.000    -4.000   2.440000e-02
    300000.000    -3.000   2.340000e-02
    300000.000    -2.000   2.280000e-02
    300000.000    -1.000   2.240000e-02
    300000.000     0.000   2.560000e-02
    300000.000     1.000   2.450000e-02
    300000.000     2.000   2.270000e-02
    300000.000     3.000   2.140000e-02
    300000.000     4.000   2.060000e-02
    300000.000     5.000   2.000000e-02
    300000.000     6.000   2.050000e-02
    300000.000     7.000   2.120000e-02
    300000.000     8.000   2.200000e-02
    300000.000     9.000   2.310000e-02
    300000.000    10.000   2.420000e-02
    300000.000    11.000   2.580000e-02
    300000.000    12.000   2.780000e-02
    300000.000    13.000   3.030000e-02
    300000.000    14.000   3.400000e-02
    300000.000    15.000   2.020000e-01
--- 
 --- 
 = drag tables at high angle = 
 --- 
 ---
     1    91
         0.000   -90.000   1.812000e+00
         0.000   -88.000   1.812000e+00
         0.000   -86.000   1.812000e+00
         0.000   -84.000   1.808000e+00
         0.000   -82.000   1.800000e+00
         0.000   -80.000   1.792000e+00
         0.000   -78.000   1.774000e+00
         0.000   -76.000   1.756000e+00
         0.000   -74.000   1.733000e+00
         0.000   -72.000   1.705000e+00
         0.000   -70.000   1.677000e+00
         0.000   -68.000   1.641000e+00
         0.000   -66.000   1.605000e+00
         0.000   -64.000   1.566000e+00
         0.000   -62.000   1.524000e+00
         0.000   -60.000   1.482000e+00
         0.000   -58.000   1.432000e+00
         0.000   -56.000   1.382000e+00
         0.000   -54.000   1.331000e+00
         0.000   -52.000   1.279000e+00
         0.000   -50.000   1.227000e+00
         0.000   -48.000   1.171000e+00
         0.000   -46.000   1.115000e+00
         0.000   -44.000   1.056000e+00
         0.000   -42.000   9.940000e-01
         0.000   -40.000   9.320000e-01
         0.000   -38.000   8.620000e-01
         0.000   -36.000   7.920000e-01
         0.000   -34.000   7.220000e-01
         0.000   -32.000   6.520000e-01
         0.000   -30.000   5.820000e-01
         0.000   -28.000   5.173333e-01
         0.000   -26.000   4.580000e-01
         0.000   -24.000   4.060000e-01
         0.000   -22.000   3.560000e-01
         0.000   -20.000   3.090000e-01
         0.000   -18.000   2.640000e-01
         0.000   -16.000   2.220000e-01
         0.000   -14.000   1.830000e-01
         0.000   -12.000   1.460000e-01
         0.000   -10.000   1.130000e-01
         0.000    -8.000   8.400000e-02
         0.000    -6.000   5.800000e-02
         0.000    -4.000   4.790000e-02
         0.000    -2.000   4.630000e-02
         0.000     0.000   3.420000e-02
         0.000     2.000   2.980000e-02
         0.000     4.000   3.900000e-02
         0.000     6.000   4.140000e-02
         0.000     8.000   4.150000e-02
         0.000    10.000   4.530000e-02
         0.000    12.000   4.930000e-02
         0.000    14.000   5.530000e-02
         0.000    16.000   2.220000e-01
         0.000    18.000   2.640000e-01
         0.000    20.000   3.090000e-01
         0.000    22.000   3.560000e-01
         0.000    24.000   4.060000e-01
         0.000    26.000   4.580000e-01
         0.000    28.000   5.173333e-01
         0.000    30.000   5.820000e-01
         0.000    32.000   6.520000e-01
         0.000    34.000   7.220000e-01
         0.000    36.000   7.920000e-01
         0.000    38.000   8.620000e-01
         0.000    40.000   9.320000e-01
         0.000    42.000   9.940000e-01
         0.000    44.000   1.056000e+00
         0.000    46.000   1.115000e+00
         0.000    48.000   1.171000e+00
         0.000    50.000   1.227000e+00
         0.000    52.000   1.279000e+00
         0.000    54.000   1.331000e+00
         0.000    56.000   1.382000e+00
         0.000    58.000   1.432000e+00
         0.000    60.000   1.482000e+00
         0.000    62.000   1.524000e+00
         0.000    64.000   1.566000e+00
         0.000    66.000   1.605000e+00
         0.000    68.000   1.641000e+00
         0.000    70.000   1.677000e+00
         0.000    72.000   1.705000e+00
         0.000    74.000   1.733000e+00
         0.000    76.000   1.756000e+00
         0.000    78.000   1.774000e+00
         0.000    80.000   1.792000e+00
         0.000    82.000   1.800000e+00
         0.000    84.000   1.808000e+00
         0.000    86.000   1.812000e+00
         0.000    88.000   1.812000e+00
         0.000    90.000   1.812000e+00